# Created by Octave 3.8.0, Wed Oct 12 13:48:56 2016 CST <hp@unix.local>
# name: ans
# type: scalar
3.141592653589793


# name: x
# type: scalar
6


